gridtype=lonlat
xsize=1394
ysize=697
xfirst=-180.0
yfirst=-90
yinc=0.258323
xinc=0.258323
